abs_est_error_box_lb
0.15755922
0.16648831
0.17502360
0.18511504
0.19662516
0.20891566
0.22156600
0.08146096
0.07797136
0.07393183
0.07028073
0.06740025
0.06542056
0.06438207
0.06295514
0.06105260
0.05854944
0.05591711
0.05336246
0.05099057
0.04887978
0.05025210
0.04921852
0.04768375
0.04595507
0.04417247
0.04241534
0.04074779
0.04141075
0.04080917
0.03978768
0.03856966
0.03725940
0.03591987
0.03460388
0.03502784
0.03464762
0.03389831
0.03295767
0.03191141
0.03081327
0.02970909
0.03025362
0.03001003
0.02942378
0.02864474
0.02774923
0.02678684
0.02580018
