abs_est_error_box_ub
6.91016243
5.84666214
5.05498625
4.44428647
3.95984972
3.56686085
3.24219917
7.33827018
6.23796845
5.41623943
4.77965821
4.27228894
3.85866073
3.51522676
7.49998250
6.38868316
5.55830233
4.91423485
4.40007521
3.98016022
3.63086108
7.59486424
6.47472901
5.63840088
4.98967661
4.47155002
4.04812901
3.69569619
7.65539924
6.52840941
5.68812309
5.03659526
4.51619699
4.09081236
3.73664376
7.69025818
6.55810736
5.71563176
5.06292465
4.54169494
4.11561892
3.76085505
7.70655116
6.57034577
5.72716509
5.07471074
4.55392807
4.12827379
3.77388183
